Wed Apr 12 22:24:40 2017
------------------------

M1_SFD%= 0.0591
M1_Hc_mean=  7935.76
M1_Hc_std=  469.05
M1_Hn_mean=    0.00
M1_CLUSTER_SIZE= 1.5271
BL1=  0.08000
BL2=  0.04000
BL3=  0.08000
BL4=  0.02000
BL5=  0.00000
