Wed Apr 12 22:51:26 2017
------------------------

M1_SFD%= 0.0593
M1_Hc_mean=  7980.56
M1_Hc_std=  473.58
M1_Hn_mean=    0.00
M1_CLUSTER_SIZE= 1.5299
BL1=  0.08000
BL2=  0.04000
BL3=  0.09000
BL4=  0.02000
BL5=  0.00000
