Wed Apr 12 22:31:22 2017
------------------------

M1_SFD%= 0.0648
M1_Hc_mean=  7092.53
M1_Hc_std=  459.60
M1_Hn_mean=    0.00
M1_CLUSTER_SIZE= 1.4505
BL1=  0.08000
BL2=  0.04000
BL3=  0.08000
BL4=  0.03000
BL5=  0.00000
