Wed Apr 12 22:38:04 2017
------------------------

M1_SFD%= 0.0486
M1_Hc_mean=  6958.51
M1_Hc_std=  337.87
M1_Hn_mean=    0.00
M1_CLUSTER_SIZE= 1.5720
BL1=  0.08000
BL2=  0.04000
BL3=  0.08000
BL4=  0.04000
BL5=  0.00000
