Wed Apr 12 22:44:45 2017
------------------------

M1_SFD%= 0.0476
M1_Hc_mean=  7007.12
M1_Hc_std=  333.63
M1_Hn_mean=    0.00
M1_CLUSTER_SIZE= 1.6186
BL1=  0.08000
BL2=  0.04000
BL3=  0.08000
BL4=  0.05000
BL5=  0.00000
